10
   1.500    1.000    2.000    0.000    0.000    0.000    0.000    0.000    0.000    0.000  4.500
   1.000    1.500    1.000    2.000    0.000    0.000    0.000    0.000    0.000    0.000  5.500
   2.000    1.000    1.500    1.000    2.000    0.000    0.000    0.000    0.000    0.000  7.500
   0.000    2.000    1.000    1.500    1.000    2.000    0.000    0.000    0.000    0.000  7.500
   0.000    0.000    2.000    1.000    1.500    1.000    2.000    0.000    0.000    0.000  7.500
   0.000    0.000    0.000    2.000    1.000    1.500    1.000    2.000    0.000    0.000  7.500
   0.000    0.000    0.000    0.000    2.000    1.000    1.500    1.000    2.000    0.000  7.500
   0.000    0.000    0.000    0.000    0.000    2.000    1.000    1.500    1.000    2.000  7.500
   0.000    0.000    0.000    0.000    0.000    0.000    2.000    1.000    1.500    1.000  5.500
   0.000    0.000    0.000    0.000    0.000    0.000    0.000    2.000    1.000    1.500  4.500

N*N + 4